With senitment being added manully as zero

('Coefficients: \n', array([ -4.33864187e+00,   0.00000000e+00,  -1.61571107e-03]))
 X_test = [[5.0,0,1000],[5.0,1000,1000],[4.5,0,450], [4.5,-50,450],[4.9,0,455],[4.6,0,2],[4.6,2.1,2],[4.6,2.1,2],[1,0,5000],[1,25,5000],[1.1,0,5],[2,0,300]]
[  8.84351977   8.84351977  11.9014818   11.9014818   10.15794649
  12.19145617  12.19145617  12.19145617  19.73524297  19.73524297
  27.3718556   22.99044314]



('Coefficients: \n', array([ -4.66924933e+00,  -2.79797576e-04,  -1.50147114e-03]))
 X_test = [[5.0,0,1000],[5.0,1000,1000],[4.5,0,450], [4.5,-50,450],[4.9,0,455],[4.6,0,2],[4.6,2.1,2],[4.6,2.1,2],[1,0,5000],[1,25,5000],[1.1,0,5],[2,0,300]]
[  8.545093     8.26529542  11.70552679  11.71951667   9.8303197
  11.91126092  11.91067335  11.91067335  21.21620576  21.20921082
  28.24912917  23.60387078]
